[ColorEffects:Disabled]
Color=56,56,56
ColorAmount=0
ColorEffect=0
ContrastAmount=0.65000000000000002
ContrastEffect=1
IntensityAmount=0.10000000000000001
IntensityEffect=2

[ColorEffects:Inactive]
ChangeSelectionColor=true
Color=112,111,110
ColorAmount=0.025000000000000001
ColorEffect=2
ContrastAmount=0.10000000000000001
ContrastEffect=2
Enable=false
IntensityAmount=0
IntensityEffect=0

[Colors:Button]
BackgroundAlternate=189,195,199
BackgroundNormal=239,240,241
DecorationFocus=156,255,151
DecorationHover=188,255,190
ForegroundActive=89,145,86
ForegroundInactive=127,140,141
ForegroundLink=68,111,65
ForegroundNegative=218,68,83
ForegroundNeutral=0,0,0
ForegroundNormal=49,54,59
ForegroundPositive=39,174,96
ForegroundVisited=127,140,141

[Colors:Selection]
BackgroundAlternate=156,255,151
BackgroundNormal=156,255,151
DecorationFocus=156,255,151
DecorationHover=156,255,151
ForegroundActive=0,0,0
ForegroundInactive=159,159,159
ForegroundLink=68,111,65
ForegroundNegative=218,68,83
ForegroundNeutral=0,0,0
ForegroundNormal=0,0,0
ForegroundPositive=39,174,96
ForegroundVisited=81,83,85

[Colors:Tooltip]
BackgroundAlternate=77,77,77
BackgroundNormal=49,54,59
DecorationFocus=156,255,151
DecorationHover=147,206,233
ForegroundActive=61,174,233
ForegroundInactive=189,195,199
ForegroundLink=68,111,65
ForegroundNegative=218,68,83
ForegroundNeutral=0,0,0
ForegroundNormal=239,240,241
ForegroundPositive=39,174,96
ForegroundVisited=127,140,141

[Colors:View]
BackgroundAlternate=239,240,241
BackgroundNormal=252,252,252
DecorationFocus=156,255,151
DecorationHover=184,255,183
ForegroundActive=156,255,151
ForegroundInactive=127,140,141
ForegroundLink=68,111,65
ForegroundNegative=218,68,83
ForegroundNeutral=0,0,0
ForegroundNormal=49,54,59
ForegroundPositive=39,174,96
ForegroundVisited=127,140,141

[Colors:Window]
BackgroundAlternate=189,195,199
BackgroundNormal=239,240,241
DecorationFocus=156,255,151
DecorationHover=156,255,151
ForegroundActive=0,0,0
ForegroundInactive=127,140,141
ForegroundLink=68,111,65
ForegroundNegative=218,68,83
ForegroundNeutral=0,0,0
ForegroundNormal=49,54,59
ForegroundPositive=39,174,96
ForegroundVisited=127,140,141

[General]
ColorScheme=BKarch
Name=BKarch
shadeSortColumn=true

[KDE]
contrast=4

[WM]
activeBackground=71,80,87
activeBlend=255,255,255
activeForeground=239,240,241
inactiveBackground=239,240,241
inactiveBlend=75,71,67
inactiveForeground=189,195,199
